inherited Form1_NmXhdpiPh: TForm1_NmXhdpiPh
  ClientHeight = 615
  ClientWidth = 400
  DesignerMasterStyle = 0
  inherited Button1: TButton
    Position.X = 96.000000000000000000
    Size.Height = 33.000000000000000000
  end
  inherited Memo1: TMemo
    Position.X = 8.000000000000000000
    Position.Y = 80.000000000000000000
    Size.Width = 345.000000000000000000
    Size.Height = 489.000000000000000000
  end
end
